6.385512626462576 2.526957187303057
8.998724333916622 2.9997873814516622
4.516180502612058 2.125130702477393
1.7578367670862771 1.3258343663845333
2.1018998515174836 1.4497930374772405
6.532997079144577 2.555972824414332
1.2952305593892088 1.138081965145397
5.420980879729824 2.3282999977944905
6.248560528723155 2.4997120891661013
3.4666679640392797 1.8618990209029274
5.946989207268468 2.4386449530976146
7.990325210376017 2.8267163300154503
7.129156076761048 2.670047954019
3.4051209311253405 1.8452969764038905
1.91514601434984 1.3838880064332664
6.639939440108604 2.5768079944203457
7.854365706177192 2.8025641306091806
3.1419790740569917 1.7725628547549426
7.859931591665198 2.803556953526216
9.036435404977205 3.0060664338928382
8.682813644590265 2.9466614404424316
5.575336335890796 2.361215012634554
3.48607267270308 1.867102748298304
3.3480894461565134 1.8297785237991273
5.5926186017092006 2.3648717939265125
6.1903278238374915 2.488036941815272
8.79954509195225 2.9664027191115254
7.7729063048206815 2.7879932397372635
5.046027064670378 2.2463363649886405
3.9049645578898873 1.9760983168582194
5.644602098005404 2.3758371362543778
5.043551276389585 2.2457852249023245
9.228640384158687 3.037867736449151
3.9504673097111986 1.9875782524749053
4.1545148388722986 2.0382627011433776
6.8682839453322275 2.6207411061247976
1.1851472207226477 1.0886446714712048
1.4663912683941183 1.2109464349813819
7.6236937865761965 2.761103726153039
7.463890606583917 2.732012190050388
6.733543641475716 2.594907251035327
0.09061589794420177 0.301024746398368
8.138698942178861 2.852840504160522
5.8440435488304745 2.4174456661589057
9.45864671422985 3.0754912963996257
3.7276389602058115 1.9307094447911657
3.9954256701115574 1.9988560903955936
5.476964382075522 2.340291516473006
7.330435976726387 2.707477788778033
6.433566298215428 2.536447574505617
3.646533925923169 1.9095899889565742
0.6753457838671473 0.8217942466744016
3.110918385991037 1.7637795740939504
3.0344935559222197 1.7419797805721569
9.434825157389021 3.0716160498000105
3.917783725515205 1.9793392143630169
7.397688741529047 2.7198692508150177
8.840531604210799 2.9733031470421576
3.346994140390019 1.8294791992231065
7.900711449170373 2.8108204227894698
5.373440773796149 2.3180683281120404
0.5375849772940788 0.7332018666738914
6.023771712824076 2.4543373266167134
0.16730893281242443 0.4090341462670622
7.399603459049669 2.7202212150944027
7.890576018006385 2.809016913086567
7.412719666400244 2.722631019143109
7.571764300443191 2.7516839027117905
0.6060897149270605 0.7785176394450293
0.538677238845392 0.7339463460263236
5.033537992136496 2.2435547669126548
7.381867856831732 2.7169593034919997
3.3385768109564564 1.8271772795644259
3.240327427421952 1.8000909497639146
3.050402919225783 1.746540271286575
3.130510586785861 1.7693248957684005
1.8995934215581645 1.3782573858166567
3.332105628441381 1.8254056065547133
8.891977080365423 2.981941830479834
5.793007425902338 2.406866723751512
4.7441972248930355 2.1781178170367728
8.88769509130494 2.981223757336061
8.477297403987329 2.911579881093309
4.856627101218787 2.203775646752361
7.705337268916743 2.7758489276105687
9.83427109179294 3.135964140705844
4.53905608903438 2.1305060640689057
9.713197496897278 3.116600310738815
8.550668666997126 2.9241526408512133
0.3973377788444177 0.6303473477729701
5.996879328197298 2.4488526554689436
2.8189002821567932 1.6789580942229598
6.158386585311976 2.4816096762609496
9.032396579692099 3.005394579700326
3.519308671940309 1.8759820553353672
6.166774543536105 2.4832991248611402
1.0989098263800423 1.0482889994558
6.855431193200023 2.6182878362013646
1.072215519583437 1.0354784013118947
8.463080860841059 2.909137477129786
