0.6393893740990986 6.58590225548058 1.0
7.788228080777398 4.060718178067976 0.0
9.253290395882072 3.16342176551185 0.0
5.093432174754731 7.430075520201392 1.0
5.53137119106348 3.215042287888438 0.0
9.240823171105843 4.500368584360218 0.0
7.284638379885003 6.053677564750655 0.0
1.7706900711438478 2.838702953864111 1.0
8.735733003054332 5.399652630639393 0.0
7.218349500764155 2.6020005222877263 0.0
4.15334452574458 6.971599903808311 1.0
9.730668236101339 1.440944171727927 0.0
3.7375372757321235 4.751988263650415 1.0
7.574514650069651 1.4014596206205754 0.0
2.942811966002168 8.825537201004806 1.0
9.385104639099094 2.640932982770763 0.0
3.076127347467994 0.9797857457030734 0.0
6.5588427854959 2.2236337288949635 0.0
7.9699887806883405 0.36060374010909113 0.0
2.0644002064330955 7.519568119660395 1.0
8.806104240170882 0.39144502912457524 0.0
7.127414351427616 2.803265633895312 0.0
6.7530001129382 9.893659601058296 1.0
3.7383329525072284 4.533756190885311 1.0
0.9813767403203755 5.886198083378331 1.0
2.7395675181352432 5.494267506460804 1.0
7.833879197377392 2.8965563786145854 0.0
4.367262699681592 0.4799376752011275 0.0
5.451342489400686 3.780823449773476 0.0
0.5546240146081605 6.544098631577687 1.0
6.99546705453545 0.02921297069615081 0.0
6.0478938768280806 8.948458051521056 1.0
4.758268589020131 5.324472443266624 0.0
8.442701416091907 9.90976920406453 0.0
6.911536485692854 4.7240821790930525 0.0
5.617653791199296 0.9953444064924077 0.0
8.424927597266379 3.253167837198828 0.0
2.7236765266251037 1.5920331584220693 1.0
7.769208705808142 1.9235718827637671 0.0
9.88175408727097 5.258053859718528 0.0
1.4215583901573292 6.235537543191342 1.0
6.048357977613746 2.964330356463234 0.0
8.902721154657852 2.0719826440102684 0.0
4.126993457716233 7.241752733257865 1.0
2.1012069451739923 6.56134747480444 1.0
7.3359357374766105 4.0730446030678795 0.0
3.977609831946677 6.963524837175216 1.0
7.086367159503513 0.002690644691187849 0.0
3.3925173402991406 8.924392158375195 1.0
8.18176617494008 0.3856347589397513 0.0
4.764371327537327 6.547976340595209 1.0
8.018543858968014 0.955233144254416 0.0
3.5390281000538746 0.6513110794345267 0.0
2.6495567202316272 8.963207879401834 1.0
1.0406623046219998 8.295544850029199 1.0
4.066274539284688 2.02911238146232 0.0
5.17404231931074 6.2278889555904335 0.0
9.862013311604448 2.5340893384275898 0.0
6.661103618641784 3.222498312987565 0.0
8.557793025617155 2.9034605393076407 0.0
4.020129900125186 1.4744038264583803 0.0
1.304010871646365 2.4449604315661997 1.0
4.333747798351302 5.179121209187478 1.0
3.415272190818265 9.544188278175689 1.0
1.0023275756491878 5.22158510033345 1.0
7.252350969380965 3.9661181934418774 0.0
4.142275954247873 2.501565764495477 0.0
1.3344003888457323 2.771271213925469 1.0
4.0640963229675355 8.838746416760747 1.0
9.24617086142183 9.927426656886647 0.0
3.352982170210246 3.6291548550074113 1.0
5.899135547751805 4.082503170504478 0.0
8.475100572321875 6.4656512178676895 0.0
8.012061139147843 1.161517791159582 0.0
7.54561315719968 0.7887029319118843 0.0
0.2957054182181218 8.460286011576578 1.0
6.919872018312697 1.2996778992714464 0.0
8.757961167049453 4.730805013318361 0.0
5.607121001351066 8.347415672595012 1.0
7.789910440919247 6.388009948652719 0.0
3.1564184917366402 5.789844743105159 1.0
8.249887974591935 3.4148757803405836 0.0
3.6273946246384527 4.935930739824962 1.0
9.631798101215063 9.802593906686454 0.0
5.5338419642479755 6.089258449238133 0.0
0.5855683082861696 2.434818183939499 1.0
5.236030100122649 0.9430632602004985 0.0
8.551764563903243 9.209744836513071 0.0
9.158028454181643 3.617546094704618 0.0
1.0790294318072102 1.891052600525741 1.0
8.419205216447887 5.483817584138137 0.0
8.512152382026192 1.6884983280310761 0.0
7.994471149011916 9.084837541166038 0.0
0.17021562413629066 5.891224435846793 1.0
1.3557167199616482 9.442228268029883 1.0
3.8784019351088403 2.011605597486744 0.0
0.6972897363014097 6.8288562577761125 1.0
1.773692594583296 1.8447237268435823 1.0
2.311247640781402 3.6905931074448484 1.0
3.673822038060367 1.6083262970340617 0.0
