6.704577370588859 2.4518319907382558 1
3.4261985096422087 6.810722713029229 0
1.1395113077861396 6.283874423527137 0
5.097558811173554 9.745244013965968 0
9.115660213602624 4.214510811990028 1
6.2194229886469135 2.5386414049083514 1
8.897382271701009 8.521099926229795 1
5.8707731140935815 9.205309858294138 0
5.571727417809727 0.30028526139711964 1
8.13157761973634 8.424004979533798 0
2.546132381979773 7.236685698578342 0
2.1756333966898334 5.044634034133751 0
1.575164129126937 7.266018058884005 0
9.580066145638307 0.6084930555910883 1
5.03837528863553 6.0363362465562 0
1.9735011946577674 8.58478868621961 0
1.9742154138766366 2.6931880046011947 0
8.924212081214236 6.9966870291767025 1
8.458235048926664 9.828666578067827 0
7.8100404876857485 0.5033633412827088 1
2.095348318519472 5.8175133339753495 0
0.4262038214572583 1.745951688658789 0
4.586557695060675 5.564844773469209 0
1.3994023663531507 5.212662456377339 0
4.558608852250847 0.3379041722018383 1
8.451096379042594 5.211757254414097 1
5.501178381191614 1.3630449429706504 1
2.222775998842701 6.523532191498442 0
8.246142071146442 6.8059649805350775 1
5.4767844590353025 0.8290863936997594 1
5.731950666942085 4.451134225489108 1
2.3930667479366843 3.846139467313572 0
7.045299379324836 5.849052400779589 1
7.238154157266444 4.155535887485114 1
9.288298275336023 7.1214689672899105 1
6.994112236574514 8.999205286661889 0
7.13950035176341 2.627471546275032 1
3.348021560036184 2.6118223733898773 1
0.20214067055368878 7.077214584550429 0
1.0265479233445407 4.631105503923654 0
5.956549457228308 8.896866402367724 0
0.04966740190681218 3.607299653733863 0
3.481803542177614 7.336652546784684 0
6.901672332240851 5.310412062379343 1
7.325107632939124 8.108255785074244 0
3.708092907929681 0.5377534453278654 1
9.478673987055728 4.638741848903472 1
0.4039793393768265 2.4580932713388624 0
5.58318802685279 7.945868779552979 0
3.8087174789740486 6.7425538668141485 0
1.3992178404630518 0.3314611534883849 1
9.920456825996698 6.538350735076062 1
2.9351755114009945 5.722196464055664 0
2.2664495883833977 1.1613196376914325 1
7.210742935410977 1.8684898254711035 1
9.211722318195099 3.1523087354392896 1
7.393356235756329 3.830943545906803 1
3.7048634759536525 0.0038245873005227082 1
3.358073321189492 1.383231739608024 1
0.6559428816777346 1.9654666112146635 0
4.093347904144996 8.845399112067714 0
8.131983687838725 4.772996196066952 1
6.866780475508469 8.848879346960231 0
1.3124200278884501 2.0867039773505223 0
9.359474265367021 4.546808231512483 1
0.46810198721970786 4.030939488050846 0
9.714838570197822 7.206097704992631 1
6.491285310440747 7.0585240727196386 0
0.12682491292660747 6.472470684027799 0
6.078654963716161 3.6407431009511617 1
1.8400455953545392 3.1399056196064787 0
5.897769803583741 3.29150321787269 1
5.506717118358263 0.6885328893052212 1
8.330312863598264 5.468512983680415 1
5.230366152450282 0.6679223885917474 1
1.4420683551523028 3.591586881553419 0
0.02394982397496248 8.110741724317526 0
4.758879861912128 6.05902340504055 0
8.789717163454153 6.753586157679742 1
3.1308949078406156 5.965357787102601 0
8.261084447053694 0.388618527260699 1
2.055261350818056 7.521772572894605 0
5.444590410835016 2.782686397453482 1
2.946394460936866 5.72266752295781 0
2.1028557768852396 1.3457237665122046 1
1.3037341933346747 1.2855069953381748 1
5.461762290980129 2.683821427729669 1
7.778556630357936 6.067998261136395 1
2.8253863098190104 0.4564471257061886 1
8.020305534945761 2.866886273609391 1
3.5198966981805704 6.732124445137763 0
6.101703887646539 5.526941261888259 1
6.499589876353706 4.278716990488745 1
0.3942423992465982 5.981484059019795 0
3.0210025963306375 2.243832118361233 1
2.2494146531762835 4.548539987494085 0
4.884769414180605 4.128361909842084 1
2.2300144919143863 0.8196583023953419 1
2.869407840930396 0.09259833808200058 1
6.503802263552324 6.7261933787458545 0
